509 10
TP53 PIK3CA TTN GATA3 MUC16 MAP3K1 MLL3 CDH1 ENSG00000245549 USH2A 
SN0 1 0 0 0 1 0 0 0 0 1 
SN1 0 0 1 1 0 0 0 1 0 1 
SN2 0 0 1 0 1 1 1 1 0 0 
SN3 0 1 0 0 0 0 0 0 0 0 
SN4 1 0 0 0 0 0 0 0 0 0 
SN5 0 1 0 0 0 0 0 0 0 0 
SN6 1 1 0 0 0 0 0 0 0 0 
SN7 1 1 0 0 0 0 0 0 0 0 
SN8 1 0 0 0 0 0 0 0 0 0 
SN9 1 1 1 0 0 0 0 0 0 0 
SN10 0 0 0 1 0 0 0 0 0 0 
SN11 1 0 0 0 0 0 0 0 0 0 
SN12 0 1 0 0 0 0 0 0 0 0 
SN13 1 0 1 0 0 0 0 0 0 0 
SN14 1 1 0 0 0 0 1 0 0 0 
SN15 0 1 0 0 0 0 0 0 0 0 
SN16 1 0 0 0 0 0 0 0 0 0 
SN17 1 0 0 0 0 0 0 0 0 1 
SN18 0 0 0 0 0 0 0 0 0 0 
SN19 1 0 1 0 0 0 0 0 0 0 
SN20 0 1 0 0 0 0 0 0 0 0 
SN21 1 0 0 0 0 0 0 0 0 1 
SN22 0 1 0 0 0 1 0 0 0 0 
SN23 0 1 0 0 0 0 0 0 0 0 
SN24 0 0 0 1 0 0 0 0 0 0 
SN25 1 0 0 0 0 0 0 0 0 0 
SN26 1 0 0 0 0 0 0 0 0 0 
SN27 0 1 0 0 0 0 0 0 0 0 
SN28 0 0 0 0 0 1 0 0 0 0 
SN29 0 0 1 0 1 0 0 0 0 1 
SN30 0 0 0 0 0 1 0 0 0 0 
SN31 0 0 0 0 0 0 0 1 0 0 
SN32 0 0 0 0 0 0 0 0 0 0 
SN33 0 0 0 0 0 0 0 0 0 0 
SN34 0 1 0 0 0 0 0 0 0 0 
SN35 0 0 0 0 0 0 0 0 0 0 
SN36 0 1 0 0 0 0 0 0 0 0 
SN37 1 0 0 0 0 0 0 0 0 0 
SN38 1 1 0 0 0 0 0 0 0 0 
SN39 1 0 0 0 0 0 0 0 0 0 
SN40 0 1 0 1 0 0 0 0 0 0 
SN41 1 0 1 0 0 0 0 0 1 0 
SN42 1 0 1 0 0 0 0 0 0 0 
SN43 1 0 0 0 0 0 0 0 0 0 
SN44 0 1 0 0 0 0 0 0 0 1 
SN45 1 0 0 0 0 0 0 0 0 0 
SN46 1 1 0 0 1 0 0 0 0 0 
SN47 0 0 0 0 0 0 0 0 0 0 
SN48 1 0 0 0 0 0 0 0 0 0 
SN49 0 0 0 1 0 0 0 0 0 0 
SN50 0 1 1 0 0 0 1 0 0 0 
SN51 0 1 0 1 0 0 1 0 1 0 
SN52 1 1 1 0 0 0 0 0 0 0 
SN53 0 0 0 0 0 0 0 0 0 0 
SN54 1 0 1 0 0 0 0 0 0 0 
SN55 0 0 1 0 0 0 0 0 0 0 
SN56 0 0 0 0 0 0 0 0 0 0 
SN57 0 1 0 0 0 0 1 0 0 0 
SN58 0 1 0 0 0 0 0 0 0 0 
SN59 0 0 1 0 0 0 1 0 0 0 
SN60 1 0 1 0 0 0 0 0 0 0 
SN61 1 0 0 0 0 0 0 0 0 0 
SN62 1 1 0 0 0 0 0 0 0 0 
SN63 0 0 1 0 1 0 0 0 0 0 
SN64 0 0 0 0 0 0 0 0 0 0 
SN65 1 0 0 0 0 0 0 0 0 0 
SN66 1 0 0 0 0 0 0 0 0 0 
SN67 1 1 0 0 0 0 0 0 0 0 
SN68 1 0 1 0 0 0 1 0 0 0 
SN69 0 0 0 0 0 1 1 0 0 0 
SN70 1 0 0 1 0 0 0 0 0 0 
SN71 1 1 0 0 0 0 0 0 0 0 
SN72 0 0 0 0 0 1 0 0 0 0 
SN73 0 1 0 0 0 0 0 0 0 0 
SN74 0 0 0 0 0 0 0 0 0 0 
SN75 1 1 0 0 1 0 0 0 0 0 
SN76 1 1 0 0 1 0 0 0 0 0 
SN77 1 1 1 0 0 0 0 0 0 0 
SN78 1 0 0 0 0 0 0 0 0 0 
SN79 0 1 0 0 0 0 0 1 0 0 
SN80 1 0 1 0 0 0 0 0 0 0 
SN81 0 0 0 0 0 0 0 0 0 0 
SN82 0 0 0 1 0 0 0 0 0 0 
SN83 0 0 0 0 0 0 0 0 0 0 
SN84 0 1 0 0 0 0 0 0 0 0 
SN85 0 0 0 0 0 0 0 0 1 0 
SN86 1 0 0 0 1 0 0 0 0 0 
SN87 1 0 0 0 0 0 0 0 0 0 
SN88 0 1 1 0 1 0 0 0 0 0 
SN89 0 1 0 0 1 0 0 0 0 0 
SN90 1 0 0 0 0 0 1 0 0 0 
SN91 1 0 1 0 1 0 0 0 0 0 
SN92 0 1 1 0 0 0 0 1 0 0 
SN93 0 0 1 0 1 0 0 0 1 0 
SN94 1 0 0 0 0 0 1 0 0 0 
SN95 1 0 0 0 0 0 0 0 0 0 
SN96 1 0 0 0 0 1 0 0 1 1 
SN97 0 0 0 1 0 0 0 0 0 0 
SN98 1 0 0 0 0 0 0 0 0 0 
SN99 0 0 0 0 0 0 0 0 0 0 
SN100 0 0 0 1 0 0 0 0 0 0 
SN101 0 0 1 0 0 0 1 0 0 0 
SN102 0 1 1 0 0 0 1 1 0 0 
SN103 0 0 0 0 1 0 0 1 0 0 
SN104 0 1 0 0 0 0 0 0 0 0 
SN105 0 0 0 1 0 0 0 0 0 0 
SN106 0 0 0 0 0 0 0 0 0 0 
SN107 1 0 1 0 1 0 0 0 0 0 
SN108 0 0 0 0 0 0 0 0 0 0 
SN109 1 0 0 0 0 0 0 0 0 0 
SN110 1 1 1 0 0 0 0 0 0 0 
SN111 1 0 0 0 0 0 0 1 0 0 
SN112 0 1 0 0 0 0 0 0 0 0 
SN113 1 0 0 0 0 0 0 0 0 0 
SN114 1 0 1 0 0 0 0 0 0 0 
SN115 1 0 0 0 0 0 0 0 0 0 
SN116 0 0 0 0 0 0 0 0 0 0 
SN117 1 0 0 0 0 0 0 0 0 0 
SN118 1 0 0 0 0 0 0 0 0 0 
SN119 1 1 0 0 0 0 0 0 0 0 
SN120 1 0 0 0 0 0 0 0 0 0 
SN121 0 0 0 1 0 0 0 0 0 0 
SN122 0 0 0 0 0 0 0 0 0 0 
SN123 1 0 1 0 1 0 1 0 1 0 
SN124 0 1 0 0 0 0 0 0 0 0 
SN125 0 1 0 0 0 0 0 0 0 0 
SN126 1 0 0 0 0 0 0 0 0 0 
SN127 1 0 0 0 1 0 0 0 0 0 
SN128 0 0 0 0 0 0 0 0 1 0 
SN129 1 0 0 0 0 0 0 0 0 1 
SN130 0 1 1 0 0 0 1 0 0 0 
SN131 1 1 1 0 0 0 0 0 0 0 
SN132 0 1 1 0 0 0 0 0 0 0 
SN133 0 1 1 0 0 1 0 1 0 1 
SN134 0 0 0 0 0 0 0 0 0 0 
SN135 1 0 0 0 0 0 0 0 0 0 
SN136 1 0 0 0 0 0 0 0 0 0 
SN137 1 0 0 0 0 0 0 0 0 0 
SN138 0 0 1 0 0 0 0 0 0 0 
SN139 0 0 1 0 0 0 1 0 0 0 
SN140 0 0 0 0 0 0 0 0 0 0 
SN141 0 1 0 0 0 1 0 1 0 0 
SN142 0 0 0 0 0 0 0 0 0 0 
SN143 0 0 0 0 0 0 0 1 0 0 
SN144 0 0 1 0 1 0 0 0 0 1 
SN145 1 1 1 0 0 0 0 0 0 0 
SN146 1 1 1 0 0 0 1 0 0 0 
SN147 1 0 0 0 0 0 0 0 0 0 
SN148 1 0 0 0 0 0 0 0 0 0 
SN149 0 0 1 0 0 0 0 0 0 0 
SN150 0 0 0 1 0 0 0 0 0 0 
SN151 0 0 0 1 0 0 0 0 1 0 
SN152 1 0 1 0 0 0 0 0 0 0 
SN153 1 0 0 0 0 0 0 0 0 0 
SN154 1 0 0 0 0 0 0 0 0 0 
SN155 1 0 0 0 0 0 0 0 0 0 
SN156 1 1 0 0 0 0 0 0 0 0 
SN157 1 0 1 0 0 0 0 0 0 0 
SN158 0 0 1 1 0 0 0 0 0 0 
SN159 0 0 0 0 0 0 0 0 0 0 
SN160 0 1 0 1 0 0 1 0 0 0 
SN161 1 1 0 0 0 0 0 0 0 0 
SN162 0 0 0 0 0 0 0 0 0 0 
SN163 0 0 0 1 0 0 0 0 0 0 
SN164 1 0 0 0 0 0 0 0 0 0 
SN165 1 0 0 0 0 0 1 0 0 0 
SN166 0 1 0 0 0 1 1 0 0 0 
SN167 1 0 0 0 0 0 0 0 0 0 
SN168 1 0 1 0 0 0 0 0 0 1 
SN169 0 0 0 0 0 1 0 0 0 0 
SN170 1 0 0 0 0 0 0 0 0 0 
SN171 0 1 0 0 0 0 0 1 1 0 
SN172 1 1 0 0 0 0 0 0 0 0 
SN173 1 0 1 0 0 0 0 0 0 0 
SN174 1 1 0 0 0 0 0 0 0 0 
SN175 0 0 0 0 0 0 0 0 0 0 
SN176 0 0 0 0 0 0 0 0 1 0 
SN177 0 1 1 0 0 0 0 0 0 0 
SN178 1 0 0 0 0 0 0 0 0 0 
SN179 1 0 1 0 0 0 0 0 0 0 
SN180 0 0 1 0 0 0 0 1 0 1 
SN181 1 0 0 0 0 0 0 0 0 0 
SN182 0 0 1 1 0 0 0 0 0 0 
SN183 1 0 0 0 0 0 0 0 0 0 
SN184 1 1 0 0 0 0 0 0 0 1 
SN185 0 1 0 0 0 0 0 0 1 0 
SN186 0 0 0 0 0 0 0 0 0 0 
SN187 0 0 0 1 0 0 0 0 0 0 
SN188 0 1 1 0 1 0 1 0 0 0 
SN189 0 0 0 0 0 0 0 0 0 0 
SN190 0 1 0 0 0 0 0 0 0 0 
SN191 0 1 0 0 0 0 0 0 0 0 
SN192 0 0 0 1 0 1 0 0 0 0 
SN193 1 0 0 0 0 0 0 0 0 0 
SN194 1 1 0 0 0 0 0 0 0 0 
SN195 0 1 0 0 0 1 0 0 0 0 
SN196 0 0 0 0 0 0 0 0 0 0 
SN197 0 1 0 0 0 0 0 0 0 0 
SN198 0 1 0 0 0 1 0 0 0 0 
SN199 1 0 0 0 1 0 0 0 0 0 
SN200 1 1 0 0 0 0 0 0 0 0 
SN201 0 0 0 1 0 0 0 0 0 0 
SN202 0 0 0 0 0 0 0 1 0 0 
SN203 1 0 0 0 0 0 0 0 0 0 
SN204 1 0 0 0 1 0 0 0 0 1 
SN205 0 0 0 0 0 0 0 1 0 0 
SN206 0 0 0 0 0 0 0 0 0 0 
SN207 0 0 0 0 1 0 1 0 0 0 
SN208 1 0 0 0 1 0 0 0 0 0 
SN209 1 0 1 0 0 0 0 0 0 0 
SN210 1 0 0 0 0 0 0 0 0 0 
SN211 0 0 0 1 0 0 0 0 0 0 
SN212 0 0 0 0 0 0 0 0 1 0 
SN213 1 1 0 0 1 0 0 0 0 0 
SN214 1 0 0 0 0 0 0 0 0 1 
SN215 0 1 0 0 0 0 1 0 0 0 
SN216 0 0 0 0 0 0 0 0 1 0 
SN217 1 0 1 0 0 0 0 0 0 0 
SN218 1 0 0 0 0 0 0 0 0 0 
SN219 0 1 0 0 0 0 0 0 0 0 
SN220 0 1 0 0 0 0 0 0 0 0 
SN221 1 0 0 0 0 0 0 0 0 0 
SN222 1 0 0 0 0 0 0 0 0 0 
SN223 0 0 0 0 0 0 0 0 1 0 
SN224 0 1 0 0 0 0 0 0 0 0 
SN225 0 0 1 0 0 0 0 0 0 0 
SN226 0 0 0 0 0 0 0 0 0 0 
SN227 0 1 1 0 0 0 0 0 0 0 
SN228 1 0 0 0 0 0 1 0 0 0 
SN229 0 0 0 0 0 1 0 0 0 0 
SN230 1 0 0 0 0 0 0 0 0 0 
SN231 1 0 0 0 0 0 0 0 0 0 
SN232 0 0 0 1 0 0 0 0 0 0 
SN233 0 1 0 0 0 1 0 0 0 0 
SN234 0 0 0 1 0 0 0 0 0 0 
SN235 0 0 0 0 0 0 0 0 0 0 
SN236 1 1 0 0 0 0 0 0 0 0 
SN237 1 0 1 0 0 0 0 0 0 1 
SN238 0 0 0 0 0 0 0 0 0 0 
SN239 1 0 0 0 0 0 0 0 0 0 
SN240 1 1 0 0 0 0 0 0 0 0 
SN241 0 0 0 0 0 0 0 0 0 1 
SN242 0 0 0 0 0 0 0 0 1 0 
SN243 1 0 0 0 0 0 0 0 0 0 
SN244 0 0 0 0 0 0 0 0 0 0 
SN245 0 1 0 0 0 0 0 0 0 0 
SN246 0 0 0 0 0 0 0 0 0 0 
SN247 0 0 0 0 0 0 0 0 0 0 
SN248 0 0 0 1 0 0 0 0 0 0 
SN249 1 0 0 0 0 0 0 0 0 0 
SN250 1 0 1 0 0 0 0 0 0 0 
SN251 0 1 0 0 0 0 1 0 0 0 
SN252 1 1 0 0 0 0 0 0 0 0 
SN253 0 1 0 0 0 0 0 0 0 0 
SN254 0 0 0 0 0 0 0 0 0 0 
SN255 0 0 0 0 0 0 0 1 0 0 
SN256 1 1 0 0 0 0 0 0 1 0 
SN257 0 1 0 0 0 0 0 0 0 0 
SN258 1 0 0 0 0 0 0 0 0 0 
SN259 1 1 0 0 0 0 0 0 0 0 
SN260 0 1 0 0 0 1 0 0 0 0 
SN261 0 1 0 0 0 1 0 0 0 0 
SN262 1 0 1 0 0 0 0 0 0 0 
SN263 0 0 0 0 0 0 0 0 0 0 
SN264 1 1 1 0 1 0 0 0 0 0 
SN265 0 1 0 0 1 0 0 0 0 0 
SN266 1 0 0 0 0 0 0 0 0 0 
SN267 0 1 0 0 0 0 0 0 0 0 
SN268 1 0 0 0 0 0 0 0 0 1 
SN269 0 1 0 0 0 0 0 0 0 0 
SN270 0 0 1 0 0 0 0 0 0 0 
SN271 1 0 0 0 0 0 0 0 0 0 
SN272 0 1 0 0 0 0 0 0 0 0 
SN273 0 0 0 0 0 0 0 0 0 0 
SN274 1 0 0 0 0 0 0 0 0 0 
SN275 0 0 0 0 0 0 0 0 0 0 
SN276 0 0 0 1 0 0 0 0 0 0 
SN277 1 0 0 0 0 0 0 0 0 0 
SN278 0 0 0 0 0 0 0 0 0 0 
SN279 0 0 0 0 0 1 0 0 0 0 
SN280 0 1 0 0 0 0 0 0 0 0 
SN281 0 0 0 0 0 1 0 0 0 0 
SN282 1 0 0 0 1 0 0 0 0 0 
SN283 0 0 0 0 0 1 0 0 0 0 
SN284 1 1 0 0 1 0 0 0 0 0 
SN285 1 0 0 0 0 0 0 0 0 0 
SN286 0 0 0 0 0 0 0 0 0 0 
SN287 0 1 0 0 0 1 0 0 0 0 
SN288 1 0 0 0 0 0 0 0 0 0 
SN289 0 0 0 1 0 0 0 0 0 0 
SN290 0 0 0 0 0 0 1 0 0 0 
SN291 1 0 1 0 1 0 0 0 0 1 
SN292 0 0 0 0 0 0 0 0 0 0 
SN293 0 0 0 1 0 0 0 0 0 0 
SN294 0 0 0 0 0 0 0 0 0 0 
SN295 0 0 0 0 1 0 0 0 0 0 
SN296 1 0 0 0 0 0 0 1 0 0 
SN297 0 1 0 1 0 0 0 0 0 0 
SN298 0 0 0 0 0 0 0 0 0 0 
SN299 0 1 0 0 0 0 0 0 0 0 
SN300 1 0 0 0 0 0 0 0 0 0 
SN301 1 0 0 0 0 0 0 0 0 0 
SN302 0 1 0 0 0 0 0 0 0 0 
SN303 0 0 1 0 0 0 0 1 0 0 
SN304 0 0 0 1 0 0 0 0 0 0 
SN305 0 1 0 0 0 1 0 0 0 0 
SN306 0 0 1 1 0 0 0 0 0 0 
SN307 1 0 0 0 0 0 0 0 0 0 
SN308 0 1 0 0 0 0 0 0 0 0 
SN309 0 1 0 0 0 0 1 0 0 0 
SN310 1 0 1 0 0 0 0 0 0 0 
SN311 0 1 0 0 1 0 0 1 0 0 
SN312 0 0 0 0 0 0 1 0 0 0 
SN313 0 1 0 0 0 1 0 0 0 0 
SN314 0 0 0 0 0 0 0 0 0 0 
SN315 0 1 0 0 0 0 0 0 0 0 
SN316 0 0 0 0 0 0 0 1 0 0 
SN317 0 1 0 0 0 1 0 0 0 1 
SN318 0 1 0 0 0 0 0 0 0 0 
SN319 0 0 0 0 0 0 0 0 0 0 
SN320 0 1 0 0 0 0 0 0 0 0 
SN321 1 1 0 0 0 0 0 0 0 0 
SN322 0 0 0 0 0 0 0 0 0 0 
SN323 1 0 1 0 0 0 0 0 0 0 
SN324 0 1 1 0 0 0 0 1 0 0 
SN325 0 0 0 1 0 0 0 0 0 0 
SN326 0 1 1 0 0 0 0 0 0 0 
SN327 0 0 1 0 0 0 0 0 0 1 
SN328 1 0 0 0 0 0 0 0 0 0 
SN329 0 0 0 0 0 1 0 1 0 0 
SN330 0 1 0 0 0 0 0 0 0 1 
SN331 1 0 0 0 0 0 0 0 0 0 
SN332 0 1 0 0 0 0 0 0 0 0 
SN333 0 1 0 0 0 0 0 0 0 0 
SN334 1 0 0 0 0 0 0 0 0 0 
SN335 1 0 0 0 0 0 0 0 0 0 
SN336 1 0 0 0 0 0 0 0 0 0 
SN337 0 0 0 0 0 0 0 0 0 0 
SN338 1 0 1 0 0 1 0 0 0 0 
SN339 0 1 0 0 0 0 0 0 0 0 
SN340 0 0 0 0 0 0 0 1 0 0 
SN341 0 1 0 0 0 0 0 0 0 0 
SN342 0 1 0 1 0 1 0 0 0 0 
SN343 0 1 0 0 0 0 0 0 0 0 
SN344 0 0 0 1 0 0 0 0 0 0 
SN345 0 0 0 0 1 0 0 0 0 0 
SN346 0 0 0 0 0 0 0 0 1 0 
SN347 1 1 0 0 0 0 0 0 0 0 
SN348 1 0 0 0 0 0 0 0 0 0 
SN349 1 0 0 0 0 0 0 0 0 1 
SN350 1 0 1 0 0 0 0 0 0 1 
SN351 1 0 0 1 0 0 0 0 0 1 
SN352 1 0 1 0 1 0 0 0 0 0 
SN353 0 1 0 0 0 0 1 0 0 0 
SN354 0 0 0 0 0 0 0 0 0 0 
SN355 0 1 0 1 0 0 0 0 0 0 
SN356 0 0 0 1 0 0 0 0 0 0 
SN357 0 0 0 0 0 0 0 0 0 0 
SN358 0 0 0 0 0 0 0 0 0 0 
SN359 0 1 0 0 0 0 1 0 0 0 
SN360 0 0 1 0 0 0 0 0 0 0 
SN361 0 0 0 0 0 0 0 0 0 0 
SN362 0 0 0 0 0 0 0 0 0 0 
SN363 1 1 0 0 0 0 0 0 0 1 
SN364 0 1 0 0 0 0 0 1 1 0 
SN365 0 0 0 0 0 0 0 1 0 0 
SN366 0 1 0 0 0 0 0 0 0 0 
SN367 1 0 0 0 0 0 0 0 0 0 
SN368 0 1 0 0 0 0 0 0 0 0 
SN369 1 1 0 0 0 0 0 0 1 0 
SN370 0 0 0 0 0 0 0 0 1 0 
SN371 1 1 0 0 0 0 0 0 0 0 
SN372 1 0 0 0 0 0 0 0 0 0 
SN373 0 1 0 0 0 0 0 1 0 0 
SN374 1 1 0 0 0 0 0 0 0 0 
SN375 0 0 0 0 0 0 0 0 0 0 
SN376 0 0 0 0 0 0 0 0 0 0 
SN377 1 0 0 0 0 0 0 0 0 0 
SN378 0 1 0 0 0 1 0 0 0 0 
SN379 0 1 0 0 0 0 0 0 1 0 
SN380 1 0 0 0 1 0 0 0 0 0 
SN381 0 0 0 1 0 0 0 0 0 0 
SN382 0 0 1 0 0 0 0 0 0 0 
SN383 0 0 0 0 0 0 0 0 0 1 
SN384 1 0 0 0 0 0 0 0 0 0 
SN385 0 0 0 0 0 0 0 0 0 0 
SN386 0 0 0 0 0 0 1 0 0 0 
SN387 0 1 0 0 0 0 0 0 0 0 
SN388 1 0 0 0 0 0 0 0 0 0 
SN389 0 0 0 0 0 0 0 0 0 0 
SN390 0 1 1 0 1 0 0 0 0 0 
SN391 0 0 0 0 0 0 0 0 0 0 
SN392 0 1 0 0 0 0 0 0 0 0 
SN393 1 0 0 1 0 0 0 0 0 0 
SN394 0 1 0 0 0 0 0 0 0 0 
SN395 0 0 0 1 0 0 0 0 1 0 
SN396 0 0 0 0 0 0 0 0 0 0 
SN397 1 0 0 1 0 0 0 0 0 0 
SN398 0 0 0 1 0 0 0 0 0 0 
SN399 0 0 0 0 0 0 0 0 0 0 
SN400 0 0 0 0 0 0 0 0 0 0 
SN401 0 0 0 0 0 0 0 0 0 0 
SN402 0 0 0 0 0 0 0 0 0 0 
SN403 0 1 0 1 0 0 0 0 0 0 
SN404 1 0 0 0 0 0 0 0 0 0 
SN405 0 0 0 0 0 0 0 0 0 0 
SN406 1 1 0 0 0 0 0 0 0 0 
SN407 0 0 0 1 0 0 0 0 0 0 
SN408 0 1 0 0 0 0 0 0 1 0 
SN409 0 0 0 0 0 0 0 0 0 0 
SN410 0 0 0 0 0 0 0 0 0 0 
SN411 0 1 0 0 0 0 0 0 0 0 
SN412 0 1 0 0 0 0 0 0 0 0 
SN413 0 1 0 0 0 1 0 0 0 0 
SN414 0 1 0 1 0 0 0 0 0 0 
SN415 0 1 1 0 0 0 0 0 0 0 
SN416 0 1 0 0 0 0 0 0 0 0 
SN417 0 1 0 0 0 1 0 0 0 0 
SN418 0 0 0 0 0 1 0 0 0 0 
SN419 1 0 0 0 0 0 0 0 0 0 
SN420 0 0 0 0 0 0 0 0 0 0 
SN421 1 0 0 1 0 0 0 0 0 0 
SN422 0 0 0 0 0 0 0 0 0 0 
SN423 0 1 0 0 0 0 0 1 1 0 
SN424 1 0 0 0 0 0 0 0 1 0 
SN425 0 1 0 0 0 1 0 0 0 0 
SN426 0 0 0 0 0 0 0 0 0 0 
SN427 1 1 0 0 0 0 0 0 0 0 
SN428 0 0 0 0 0 0 0 0 0 0 
SN429 0 1 0 0 0 0 0 0 0 0 
SN430 1 0 0 0 0 0 0 0 0 0 
SN431 1 0 1 0 0 0 1 0 0 0 
SN432 0 1 0 0 0 0 0 1 0 0 
SN433 0 0 0 0 0 0 0 0 0 0 
SN434 0 1 0 0 0 0 0 0 0 0 
SN435 0 0 0 0 0 0 0 0 0 0 
SN436 0 1 0 0 1 1 0 0 0 0 
SN437 0 1 0 0 0 0 0 1 0 0 
SN438 0 1 0 1 0 0 0 0 0 0 
SN439 0 0 0 0 0 0 0 1 0 0 
SN440 1 1 0 0 0 0 0 0 0 0 
SN441 1 0 1 0 0 0 0 0 0 0 
SN442 0 1 0 0 0 0 0 0 0 0 
SN443 0 0 0 1 0 0 0 0 0 0 
SN444 0 0 1 0 0 0 0 0 0 0 
SN445 0 0 0 0 0 0 0 0 0 0 
SN446 0 0 0 0 0 0 0 1 0 0 
SN447 0 0 0 0 0 0 0 0 0 0 
SN448 0 0 0 1 0 0 0 0 0 0 
SN449 0 0 0 0 1 0 0 1 0 0 
SN450 1 0 0 0 0 0 0 0 0 0 
SN451 0 0 0 0 0 0 0 0 0 0 
SN452 0 0 0 1 1 0 0 0 0 0 
SN453 0 0 1 0 0 0 0 0 0 0 
SN454 0 1 0 0 0 0 1 0 0 0 
SN455 1 0 0 0 0 0 0 0 0 0 
SN456 0 0 0 1 1 0 0 0 0 0 
SN457 0 1 0 0 0 0 0 0 0 0 
SN458 1 1 1 0 0 0 0 0 0 0 
SN459 0 0 0 0 0 0 0 0 0 0 
SN460 1 0 0 0 0 0 0 0 0 0 
SN461 1 0 0 0 0 0 0 0 1 0 
SN462 0 1 0 0 0 1 0 0 1 0 
SN463 0 0 0 0 0 0 0 0 0 0 
SN464 0 0 0 0 0 0 0 0 0 0 
SN465 0 1 0 0 0 0 0 0 0 0 
SN466 0 0 0 0 0 0 0 0 0 0 
SN467 0 0 0 0 0 0 0 0 0 0 
SN468 0 1 0 0 0 0 0 0 0 0 
SN469 1 0 0 0 1 0 0 0 0 0 
SN470 0 0 0 0 0 0 0 0 0 0 
SN471 0 0 0 0 0 0 0 0 1 0 
SN472 0 0 0 0 0 0 0 0 0 0 
SN473 1 1 0 0 0 0 0 0 0 0 
SN474 1 0 0 0 0 0 1 0 0 0 
SN475 0 1 0 0 0 0 0 0 0 0 
SN476 1 0 0 0 0 0 0 0 0 0 
SN477 0 0 0 0 0 1 0 0 0 0 
SN478 1 1 1 0 0 0 0 0 0 0 
SN479 0 0 0 0 0 0 0 0 0 0 
SN480 0 1 0 0 0 0 0 0 0 0 
SN481 1 1 1 0 0 0 1 0 0 0 
SN482 1 0 0 0 0 0 0 0 0 0 
SN483 0 0 0 1 0 1 0 0 0 0 
SN484 0 1 0 0 1 0 0 0 1 0 
SN485 0 1 0 0 0 1 0 0 0 0 
SN486 0 0 0 1 0 0 1 0 1 0 
SN487 0 0 0 0 0 0 0 0 0 0 
SN488 0 1 0 1 0 1 0 0 0 0 
SN489 0 1 0 0 0 0 0 0 0 0 
SN490 0 0 0 0 0 0 0 0 1 0 
SN491 0 1 0 0 0 0 0 1 0 0 
SN492 0 1 0 0 0 0 0 0 0 0 
SN493 0 0 1 0 0 0 1 0 0 0 
SN494 1 0 0 0 0 0 0 0 0 0 
SN495 0 1 0 0 0 0 0 0 0 0 
SN496 1 0 0 0 0 0 0 0 0 0 
SN497 0 1 0 0 0 0 0 0 0 0 
SN498 0 0 0 0 0 0 0 0 0 0 
SN499 0 0 0 0 0 0 0 0 0 0 
SN500 0 1 0 1 0 0 0 0 0 0 
SN501 0 0 0 0 0 0 1 0 0 0 
SN502 0 1 0 0 0 0 0 0 0 0 
SN503 0 0 0 0 0 0 0 0 0 0 
SN504 0 0 1 0 0 0 0 0 0 0 
SN505 0 1 0 0 0 0 0 1 0 0 
SN506 0 1 0 0 0 0 0 0 1 0 
SN507 0 1 0 0 0 0 1 0 0 0 
SN508 0 1 1 0 0 0 0 0 0 0 
